965
162000
230400
349920
32640
66150
5297
28800
99000
18000
85881
4943
17920
102
20160
28080
6600
69984
43740
8400
86400
999999937
79548
20480
3584
5250
58320
16800
688978813
787320
7389
327680
11664
60
32000
49280
95
50000
71805
54600
10752
117
27216
360000
6541551
41600
630
949106497
345600
22500
86
301056
3696
912
414720
42336
2600
971866761
38497
39600
673921
391
126720
26
4752
21840
641
12348
38880
346742385
56160
57600
84240
27720
105840
999999998
9900
2403381
73
57
21000
300000
546
77
186624
89600
2268
4032
20328
71280
142560
476014
70235461
94770
124
115
39936
12000
279936
103680
100800
10560
122
10260
8448
31104
311040
393216
15750
3456
1000000000
50688
262440
786432
2
1600
967669583
153600
49392
466560
1800
7200
4160
7776
1440
21168
24192
1741
16380
395
8550
32400
4050
268800
12800
23232
2070
8316
46080
85050
336000
8320
47040
16200
44800
7128
45360
622080
20592
110
90
91857
11340
15
100696425
53940
113
15840
16000
746803744
3240
36
294912
994617
405000
1001604
432255
460800
589833267
614400
11232
21
442368
55296
68040
61966
49
8624
3564
2376
83160
2025
15400
96000
20736
2016
14400
16464
7040
14688
89100
30030
118
35
157464
14700
961175759
42755209
904152917
216000
491520
324000
128000
2304
27000
68
2520
5657
170
19440
26880
42120
2720
121500
196830
22950
22464
53
8100
112
504
20000
116640
7390
4733
161280
33108
34
142884
281
94080
123480
3371
236250
225792
72
34020
184320
4536
472392
1671
810
13500
118272
99
3509575
11
546750
105000
193536
48238
8640
101
79200
136080
954158175
474
16224
133650
307200
306180
193
2100
1001
2618049
181440
25490988
192
6552
12960
480000
217728
5346
1904
517759
1100
1008
93
331776
1728
76
3864
48
987
179200
6300
9489
2880
52800
64512
621008
34944
999999999
147456
245760
98415
288
23100
519
44
69
127008
2431
1249
2688
9425
194400
625433749
17820
1584
9504
21384
189
6400
393660
13
3888
12870
81920
29160
3645
17
216
587234
36864
900360029
51030
11264
11016
4158
3168
150528
368640
13056
12768
96228
170100
5940
518400
48384
922505446
2430
49000
583200
660
53760
1764
9240
85536
13680
5304
559
44928
2000
243000
75
31200
114688
58054077
80
2160
29484
2097152
63
84579
64922375
94500
4000
4608
248832
209952
135000
43680
8208
40
57624
9600
90720
40824
69120
31680
25200
174960
816
34560
49500
37800
934
17424
71
65610
87480
9
2906162
150000
8660
5376
224
40320
5808
98304
1817
1000000
6720
10240
168960
15288
9216
7680
38400
74088
1
2730
9800
29250
32670
58800
5601
7025
15120
8347
4320
1848
25600
52488
552960
62208
699840
17280
67500
122880
112000
3528
105
15552
2940
241920
2250
7897861
5016
61740
97
655360
22680
49920
276480
8
63504
1632
5
5616
93312
96768
540
169344
102060
244944
19008
10800
81648
19800
47520
1960
84480
21383
430080
61440
92160
37
13860
127
257
121
281250
1944
998506315
916855204
34300
233280
4620
12672
10710
409342369
1701
2156
6
59400
8772
362880
42
54
3120
134400
27184698
7296
24480
12240
864
141120
1520
9180
103
88
180
214573
4200
9000
56
441
8372259
46464
252000
7290
31590
373248
28000
92317161
17550
226151256
12288
129600
226800
29120
201600
145152
54432
4896
6804
80949857
85712697
1056
131220
2200
55
81
408240
104976
646
59
501
30973
4675
4374
200000
5073
1530
6930
66528
8087519
101250
59136
118263990
259200
5361
78000
33792
7
41580
696
5625
6480
13230
969
12096
52920
67584
8015864
155520
8064
19
28
32
64
986129769
282791
107520
3157819
240000
2400
5184
176400
3960
160
180000
2736
86016
16
256000
70000
192000
43200
7920
3024
322081025
204120
8826131
131
33696
5200
96
45000
65536
125
84
47628
5760
20
83
33600
5400
89
51840
54880
24000
15680
1620
1512
63360
4725
19656
168000
43
468
95256
135
2640
32768
5824
8976
23040
2707
4655
4488
28672
85
314928
457481
128
105600
998244353
420
1500
361
82944
36283838
38016
4704
66
23760
196608
9408
10368
31752
4480
9450
18480
75600
1836
32076
2352
129024
7560
28512
653477439
27456
13122
80640
13440
33401221
473
11000
79
18240
524288
5520
91
144000
47
99840
124416
81000
24750
50
4410
109
18720
110250
6840
4
92400
510205
17136
25002
76032
21870
15876
364500
57344
725573
18816
60000
52
30240
23115571
27
3000
288000
42768
21504
448
29400
3360
8000
50400
70560
486000
163840
235200
163296
1615
405
10
567
4560
782
11085765
73728
1048576
57024
14
3900
302400
47473
3312
8424
92
1323
49152
2340
42000
16128
7392
4788
4312
111
87
983900459
30720
5721
172032
164640
14040
108
33
46
194241
24696
118800
50544
221184
107
989447237
9827
120000
132300
1890
94
25
35100
119
18432
12150
8960
33750
270000
112896
116
7938
145800
2592
51
74880
396
938017885
207360
21600
58
211680
697106497
67200
202500
76800
5044
97200
900
9100
6765
126
56700
24576
22176
805306368
26460
2310
6000
45
12544
69888
964532929
957262828
38
18
29
74
64800
640
72576
3600
63180
10500
14560
1260
67893369
23
104
32256
70400
129
3264
215040
41472
82268566
122877509
40950
8748
4800
151200
792
5280
300
29952
7056
14336
16320
165888
1920
139968
65
1134
1215
31500
72900
3
35280
48000
108864
3510
31
72000
131980
1386
813
5040
78
34111
123
64680
125440
21952
198450
32805
25920
40960
47958485
3780
6037
13824
22848
132000
482421315
362
120
536870912
9409159
1824
432000
524880
17640
19200
340200
106
7455307
48510
115248
62
576
30
35640
24300
95040
388800
5600
70
1680
5767201
110592
10000
7500
78750
6075
84000
22
56448
6750
291600
60480
75264
5120
64152
23328
63000
23400
2560
14112
375000
24
138240
16524
8250
700
6399199
665
29700
323
54000
4914
4539685
926315427
108000
10080
37440
672
5000
44550
322560
67
77760
42105
34848
115200
35503
633
3072
98
88704
4680
459270
768
981028563
182250
48600
70200
7785
172800
3375
49896
